$ANSIBLE_VAULT;1.1;AES256
61376332373763303966386661333333373361366665313264653863306134633861363430343235
6337343635626661666530633766353032663835303239610a643239356132666530646536643632
39626665623163633336653437356632646538663135643137353061636465616432376634623632
3537656337336130390a323435313439633831386565393937396131633535663235653564633836
62616334363538636237336638356330326665373837656633656561653762346466363133363665
38383534303933376334353264663034383136666664336161393434636331303739363861636664
34366634333233616330636239383232306639663232623661373436373639363265616338643265
66356331363539623766643662346633376633303263346131666637366431323761663939373564
30663061343763396335663166383762323538643962646230666261353964306138353738303431
31613933613566373039626566373166386435656433393163316361373963356164633930636562
35386661363737353165613837373234636134623363336435326234333532303931383837383931
61623539633736666135386233343436346663303739363731633933646465323134373736326332
34376135346336373066653666323836396335323665326339313530373838643234656232613639
38366664656436366264313666373863363530336136356635623337656562623839343139646230
32333535376663653936653531643531383735373234363335613064313336623332646637343939
63343433636439656333646632633762323062306134643366643364343162336437353266623366
36623732363431386365343138323637373961333831643064646330623065636361373435653238
65313139373866343534393166633730636236346166353638313532323137366161376435653136
36323135643964343264303334353239346535343161366334336231623132386635356634343336
31383238376532333837323132343263333661376432623237666234663863636537323863626139
61363436653138656639363731393032663661333062346337616539346165633862336439363462
31643931366530653166663132303130336264313038666439373237653863316564363863336332
65633431626131396462306630306330343136383236333562636564333362393935396433353235
30656463306265613836366264666466646363636236656466643966653261336661316235663833
33363161363338333838376564383034316564383034623664626261663662363937313532336239
34313732323935343338306366373462633530633566393663636464643666353030653262376233
35373266313432323135636335626633636364383964666564643435376534623331353366626338
63343538393330336231303464363132343534316434643466616430373934383338666662616461
31373466613563326339366166396264613164376664363232396465643133353537643962633361
63333533623761306433393964616132306165663561373334623333396332346231393163626463
66616438616136363735616564623365666363376432636564633634623331656264393564633838
38663663313165313663373265656136643434343732316633646337306638316361373762656262
32326336393332626637386132653262643236353062396236663366386138353933373932623032
34303463626137646662393662313764376636333637393363386137643633356637386262376234
38393961663864323230316466313939333933383534636639633761623439666639373561353230
62323464363436356162343237663661343463383235323965643165616130336639626133633239
36623566323464656435646461323664356232623936336261336563383865396165383061346630
39336536356664353766636435336134373933613837653864303634363133323365643536383535
35633366353237636464383735383335663964326432366239626330616534663834383634653834
37326265313361303737316139643064386261333861343833303263303236326562623436643165
34376236353463373866303438343463373035653239663365633439616333343836613737353034
31353330383834303438636466373039306162613761353832653538653333636636613336636363
35643962663335383030353530373530633966623138363735343162663039353834656233356430
65346263383133346138366534363866326365306562366632363161613366303465366530623662
35646530623766656264346537623662363533623233383265396463303561643639626239356338
33313333343430336639396233363662336365383533373130343435646562393761333566366137
30396630303037323633613134636134336533353063653538633761663536373039343961363432
31643237626665613235616235656237306634383732653639623962623937626331616366373238
65633838646234336332653563663834316533346235323666383232343739353963363637306265
33633033356538633837356364316332616565303432373865363463323439353962313231363330
61653562643466383366653730306566636335323165646331656238623635636164316234666361
31336536386465653663343661363136633439313037393833623634616563353337383930333065
65356238383133346238333864633835656133306463396664326562633430653663336666306338
36663839653661343432626666313233373263336363613334653936303034336430663637643166
64643337393732356139656265626361626462633733636532353638643335353462623163313039
38633565333765333434636561323266386635366233613130386364373135343331666561363335
37613534613333363032663531653431363864663538323433326461376132653930346161353434
36323638643239626632356561643661656638613630656132643365363061353231313133366531
37396537333934396664656137623963363630363730613036376230316136636466656363303366
37333332336231373531626337393762323865353331393930626165623334303537343562633132
35656430306135376433303565366632373862383165663561346536306363633133396537313934
31613639353732643233646531663238663339653437666537663761363130326264373230633037
37633137643131383436303635326433326438633638366233316362666466643833663333383539
62303066336132363163383732616164326636323239323431623661346635373335393634303038
37643965323665376336383632386433633037353132643938633536313230386432396362306637
33313265353732656334623138393037656565363663366533373665323038386530393933613031
61643661623561333237346235336435616335386139633961633939393161633931393064373535
39383464343331373133633764646238353435326265646661326232363338383763323963636539
37306263393934306136356533376331666366346330646233336230623961393937373466363765
35333538313231303237393432633133363432306465333330303461666234366331306236663264
37656533353637646432363031393563663761326561643964373461356238373431373465343632
64313332616232636133326538323330336166646266333661316537626235653833306664353737
38653130376563303039366535346633663938326465353437373861333333363661663036623366
64663437636566646334633438326131343039663332343166363762353364383539306336643836
64313266643333306563653333313666653038333630623034343235663866626535303734303634
38303835313734316162313235633439633962323764313535366237323037323934656531663038
63363436626339373734643764636436653730313331396666343634663637363332306661363530
61326631373763393437396238396435633735363839376233343533666434313338396134633762
39663864623233613863336263306336613065666434393738633634636131373132376264653532
35663335623637366330393531383737306363326636333264623237313533376231666635613431
31626337643232323635346333643063376263313436313463623134343163306133396137303630
39326265613934643032303461386333616236306261633032643237623139376332343136346266
35363135316230343236323534363934613065336464613539323039643530306266353237653636
33623432313030313035356666306638303564326239396261316434383539376637336534313966
64663634333063663035373831363166393833373263313765646132383034383831326163643664
38336436386533313236356461313061313833336232356438343738323731333465393264303539
63613261383531323932646133376430643130626462633530333265666332346661343632633233
35643237346632663437363837646635303764353666636638613439653462633139666136366635
35336135626139623736346563636632653933303135326335653539376365353934
